""	"logFC"	"AveExpr"	"t"	"P.Value"	"adj.P.Val"	"B"
"SV2C"	1.9146795735	5.64188029708333	18.2717248112163	1.19486676224872e-08	0.000218925390801259	9.72043889629382
"LOC101928555"	-2.16619111733333	6.05693185633333	-16.6507842110451	2.78861058188008e-08	0.000218925390801259	9.10829792070972
"SPINK13"	1.49625141433333	8.13061532183333	16.2593158683289	3.46208616362008e-08	0.000218925390801259	8.94608539166432
"IGSF10"	2.151902069	7.36575503416667	15.0797565181988	6.85162383210023e-08	0.000218925390801259	8.41905851923209
"ERRFI1"	-1.366971612	9.740992214	-14.9633416757006	7.34872819691279e-08	0.000218925390801259	8.36371544387723
"GPC5"	1.364219746	5.41813570533333	14.7697435252665	8.26584885684573e-08	0.000218925390801259	8.27027481558166
"FOXD1"	-1.46252894066667	8.522146144	-14.7444833588262	8.39454701925141e-08	0.000218925390801259	8.25795175071252
"ITGA2"	-1.53670493016667	10.7381356865833	-14.7284678006481	8.47728833044483e-08	0.000218925390801259	8.25012279258111
"DUSP2"	1.48545236066666	9.909861693	14.5377142897122	9.53506797505943e-08	0.000218925390801259	8.15592203391056
"MMP12"	2.69289887066667	6.64936722533333	14.4901735503072	9.82080865237664e-08	0.000218925390801259	8.13216792448242
"VIT"	1.91820131033333	8.64466111883333	14.4232992177333	1.0238857562984e-07	0.000218925390801259	8.09856431464753
"PKDCC"	2.00507684433333	9.36971019783333	13.9672163980557	1.367171394101e-07	0.000267965593243796	7.86334565706431
"EREG"	-1.39081641616667	6.07622397741667	-13.6625190756174	1.66658167664314e-07	0.000301523084881898	7.70012462874487
"CYP1A1"	-2.54013621933334	9.24983433033333	-13.0413301697402	2.5276591284029e-07	0.000424646733571687	7.35138642266676
"PXDN"	1.16187467283333	10.48564919025	12.6264298167971	3.37238930142658e-07	0.000528790642463688	7.10581782045984
"DHRS3"	1.08111379033333	8.84927356183333	12.4276317966723	3.8837716431943e-07	0.000570914431549562	6.98437240128243
"SH2D2A"	-1.52279109733333	8.869802243	-12.3244960258297	4.18226388093565e-07	0.000578628508703568	6.9203712042175
"LAMA1"	1.37220774466667	7.77013431583333	12.1740735103001	4.66387835969447e-07	0.000591097845454268	6.82578224316068
"NID2"	-1.29453099666667	11.2007571783333	-12.0590821424724	5.0732527680282e-07	0.000591097845454268	6.75246164169561
"MAMDC2"	2.47367771066667	9.602481708	12.0412347463718	5.14026397869798e-07	0.000591097845454268	6.74100225766906
"ID2"	1.324609471	10.4405478895	11.9174046487017	5.63292774700104e-07	0.000591097845454268	6.66089851228328
"PTGS2"	-1.38058725016667	10.5266730549167	-11.8419486454159	5.95847714328007e-07	0.000591097845454268	6.6115719416908
"POPDC3"	-1.43536735566667	6.9743948365	-11.8318103294403	6.00377380301739e-07	0.000591097845454268	6.60491438092647
"GREM1"	-2.847237531	9.03187617	-11.8256215333847	6.03161066790069e-07	0.000591097845454268	6.60084685536689
"G0S2"	-1.24558734833333	8.71091471183333	-11.7232100676176	6.51348632471371e-07	0.000612788793429066	6.53314966868485
"ID2 /// ID2B"	1.283587909	7.79211078683333	11.6233815659491	7.02426414734694e-07	0.000635304345232688	6.46644854714184
"KRT6A"	-1.47874311566667	6.1432486985	-11.5740097574927	7.29303457537525e-07	0.000635304345232688	6.43319795450715
"FAM83B"	-1.26108885533333	7.33336431416667	-11.5218164396548	7.58952217451849e-07	0.000636157158135861	6.39785656524415
"LAMP3"	1.93512287333333	7.159472076	11.4788137823991	7.84377448381801e-07	0.000636157158135861	6.36859026723827
"MIR5193 /// UBA7"	1.16820295716667	8.75191262008333	11.2354947067224	9.47100628644267e-07	0.000739367506678627	6.20043510937803
"SAMD11"	1.08366928766666	9.66538369616667	11.1551007021589	1.00876057237611e-06	0.000739367506678627	6.14390363191772
"SIPA1L1"	1.19743739433333	8.14589054016667	11.1427039684291	1.01865533516602e-06	0.000739367506678627	6.13514287348764
"PI3"	-1.198431378	8.83164378366667	-11.1196054382526	1.03737787926848e-06	0.000739367506678627	6.11878791330917
"TNFRSF11B"	1.217996197	9.091392675	11.0000987841397	1.14048662094936e-06	0.000767948591577018	6.03351676760166
"SCD"	-1.09562733666667	11.7651868866667	-10.9622717516153	1.17543151771993e-06	0.000767948591577018	6.00629584081059
"MYO1G"	-1.60543709183333	8.29430999608333	-10.6325894485641	1.53504946269492e-06	0.000954628040651734	5.76425662047129
"EFNA1"	1.18329182333333	11.6009576416667	10.5356665443895	1.66261926847624e-06	0.000977620129864029	5.69142847859379
"EVI2B"	-1.18856840333333	5.52754322733333	-10.4987692065316	1.71420773564633e-06	0.00098336990103419	5.66349986512741
"DAB2 /// LOC101926921"	1.5546537875	9.23328256525	10.4223618743623	1.8267202232588e-06	0.00102296332502493	5.60530415986474
"RP11-466P24.7"	1.660071089	6.75691638683333	10.3504249544563	1.94009981734352e-06	0.0010611894814865	5.55006469168935
"C4A /// C4B /// C4B_2"	1.58727216466666	9.77888915766667	10.2427131326058	2.12458117768037e-06	0.00113568521134187	5.46653092083879
"NPR3"	1.31996005433333	8.5267866155	10.1225306922414	2.35347083137537e-06	0.00121647489801481	5.37214437892464
"STEAP4"	1.86870951466667	9.35788231766667	10.0901274130207	2.41972499143478e-06	0.00121647489801481	5.34648026911363
"SERPINI1"	1.12027840633333	8.35803057616667	10.0847672070352	2.43088096116904e-06	0.00121647489801481	5.34222596616692
"PSCA"	-1.204362546	8.73428966066667	-10.0058350190235	2.60186797364793e-06	0.00127491530708748	5.27928466445384
"HMOX1"	-1.22897474566667	10.1553682205	-9.90629400652103	2.83658909081988e-06	0.00136156276359354	5.19911742941237
"IL1A"	-1.0969143705	6.96633250108333	-9.79071023045587	3.13872524005572e-06	0.00147645635292221	5.10490573130668
"IL6"	-1.13357869666667	12.7161436616667	-9.72641352038115	3.32195925269826e-06	0.00153200944359732	5.05196812334598
"MCC"	1.33834163166667	7.35830216666667	9.60795495132835	3.69105871103217e-06	0.00166949424775917	4.95343185879787
"SCG5"	-1.83330680766667	6.64103413983333	-9.58197692053343	3.77788078818302e-06	0.0016765237007182	4.93164684040273
"TNFSF10"	2.700625264	9.23631226133333	9.55340586258408	3.87596414038715e-06	0.00168819771447974	4.90761364563955
"SLC15A3"	1.02880607333333	8.45645358566667	9.40970378002216	4.41356667547232e-06	0.00185369800369838	4.78555412712304
"FRMD3"	-1.175059858	6.79125386966667	-9.36224467480438	4.60867682574004e-06	0.00190168559546326	4.74480534421617
"INSL4"	1.33377538266666	9.938229292	9.30327997671405	4.86437435719171e-06	0.00191712395556018	4.69387169239103
"C1R"	1.32627405233333	10.9861490671667	9.30191197807832	4.87048831208826e-06	0.00191712395556018	4.69268597050962
"IL1B"	-1.14512803416667	8.60379518458333	-9.29742025883338	4.8906223356127e-06	0.00191712395556018	4.68879144894532
"CCL2"	1.67603334333333	6.19188027633333	9.24433202635316	5.13562880006978e-06	0.00196530893174402	4.64261085900666
"MME"	1.08969364533334	9.28472411566667	9.2348767585972	5.18066129966537e-06	0.00196530893174402	4.63435662643122
"AKR1C1 /// AKR1C2 /// LOC101930400"	-1.856680614	5.843343018	-9.19817127187738	5.35962473431142e-06	0.00197320709100005	4.60222938318108
"SNAI2"	1.26649517566667	9.27481756016667	9.17850610907539	5.4582847258759e-06	0.0019750593346554	4.58496178583874
"CRYAB"	1.23330888966667	8.21292596016667	9.12181608941739	5.7540129769864e-06	0.00201991619729433	4.53496648634219
"PHLDA1"	-1.06142641816667	9.14743298058333	-9.08821924760672	5.93753179084907e-06	0.00205368746648191	4.50518443365532
"ARL4C"	-1.02112378883333	7.35821659475	-8.98810721298481	6.52350179178237e-06	0.00218815550734902	4.4157595010081
"S100A9"	-2.05263060333333	12.0216177216667	-8.88308764391119	7.20706302117069e-06	0.00231444634157554	4.32084388891027
"NLRC5"	1.21044040366667	8.92150050483333	8.87226545282195	7.28184648284822e-06	0.00231444634157554	4.31099782813749
"NEGR1"	1.30314350383333	7.46915824158333	8.83978988288672	7.51140852143604e-06	0.00235557771232234	4.28137796472393
"DUSP6"	-1.28646025	9.695343275	-8.82115462014509	7.64670766445194e-06	0.00236645479299881	4.26433144692221
"MYLK3"	1.70262132	7.87124355966667	8.78829851816049	7.89180368934428e-06	0.00241058730874516	4.23418745158355
"JUN"	-1.329589334	8.62853698133333	-8.72064497998607	8.42402317330775e-06	0.00250801297514175	4.17175853204192
"STEAP1"	-1.33971919533333	7.56013166933333	-8.62694119651384	9.22717585860095e-06	0.00267192975340956	4.08448371685967
"ETV4"	-1.17180011783333	9.20521464025	-8.61719602850836	9.31540135117278e-06	0.00267192975340956	4.07535289460796
"LOC285957"	-2.35754312033333	7.30389894616667	-8.55987298617019	9.85341992731078e-06	0.00275895757964702	4.0214350614322
"MMP13"	1.14729362633333	6.54686644583333	8.47020952918339	1.07644409594991e-05	0.00295129281217391	3.93637799536124
"AKR1C3"	-1.25110719333334	11.6718991633333	-8.45603009205515	1.09167718817657e-05	0.00295129281217391	3.92284597587598
"SEMA6D"	1.122140733	7.09410269316667	8.39841932541096	1.15604040267314e-05	0.00304276580538712	3.86763631389028
"USP18"	1.46191649666666	11.034730115	8.38019142879375	1.17726057946526e-05	0.00304276580538712	3.85009114592896
"LINC00622"	-1.030935958	5.05311890766667	-8.35496260992749	1.20733718272219e-05	0.00305855645989923	3.82574594217434
"SDC2"	1.26293619833333	8.65330776216667	8.34337070913002	1.22143748147046e-05	0.00305855645989923	3.81453609790589
"OLFML1"	1.95618760066667	7.910289938	8.34259924386924	1.2223822586332e-05	0.00305855645989923	3.81378952343713
"AKR1C2 /// LOC101930400"	-1.39628581666667	11.1681438516667	-8.26124772776777	1.32664363173496e-05	0.00321676888849549	3.73468578079524
"ETNPPL"	1.15693728133333	8.302912427	8.21153902838086	1.39511445524953e-05	0.00326199381065531	3.68598070191732
"SLC7A11"	-1.83049087066667	10.103561728	-8.19989355202529	1.41170822597328e-05	0.00326199381065531	3.67452951896249
"WARS"	1.10551463166667	12.2825177541667	8.17842939626572	1.44286108212952e-05	0.00326199381065531	3.65338270662552
"SPOCK1"	-1.03814038733333	10.4268492463333	-8.12062225613476	1.53056344196587e-05	0.00337870838290166	3.59616628032837
"EGR1"	-1.01330476166667	7.40133048183333	-8.11647082573061	1.53708247011257e-05	0.00337870838290166	3.59204239953073
"IFI35"	1.37375568533333	11.1048907306667	8.03955369737008	1.66352503644549e-05	0.00362278785714796	3.51527286290779
"LOC101929687"	1.07064069	8.584985384	8.02198652486531	1.69397124577202e-05	0.00365524804592275	3.49764237964567
"CASP1"	1.17537159666667	11.049637545	8.0040641627835	1.72566179050653e-05	0.00368977866479215	3.47961805762503
"KLHL13"	1.19402177266667	8.532127564	7.94938664164944	1.82641486329577e-05	0.00387002500763212	3.42439530228748
"TRIM22"	1.91229036333333	11.8651053483333	7.93321299618881	1.85743651397751e-05	0.00387494858963157	3.40799250305278
"USH1C"	1.259385984	8.86264410866667	7.9310190527027	1.86168873566483e-05	0.00387494858963157	3.40576508029584
"PSMB9"	1.00899253	10.8303137316667	7.79466325471359	2.14804962659449e-05	0.00437219173865614	3.26619795646632
"ACOX2"	-1.06924628733334	7.309383428	-7.79101121896005	2.15635306838483e-05	0.00437219173865614	3.26242911655165
"GPR37 /// SEL1L2"	1.32613494433333	9.81643704783333	7.77585273355864	2.19119475836582e-05	0.00440486330912513	3.24676851999379
"SLC12A8"	1.30389999133333	9.67863433766667	7.73453518849625	2.28932363135632e-05	0.00456312642453396	3.20394047164958
"WISP2"	1.18696443666667	11.679956115	7.66645518844592	2.46164342141861e-05	0.00478494655138559	3.13291615569098
"HAND1"	1.48153362133333	7.974988476	7.63311953044974	2.55114328182101e-05	0.00491826967118281	3.09793075930247
"ALPP"	1.00764443	9.09303117966667	7.61117527660721	2.61199501390167e-05	0.00499335348315949	3.07482545563588
"TRIM21"	1.21298242533333	9.70589076066667	7.59883716499528	2.64690319198633e-05	0.00499335348315949	3.06180829684117
"AGPAT9"	-1.65036693766667	8.55002593416667	-7.57323833866712	2.72096513905611e-05	0.00503914173784249	3.03474017318804
"FHOD3"	-1.04463021166667	6.94767853116667	-7.47932175530297	3.01268105919758e-05	0.00540902736735321	2.93473059965514
"CCL3 /// CCL3L1 /// CCL3L3"	-1.05859328133333	7.51094462866667	-7.40044943938333	3.28410646129346e-05	0.00576434208728524	2.84988102277071
"CFH /// CFHR1"	1.146132497	8.8462968965	7.35499626258338	3.4525588221925e-05	0.00587315106670906	2.80062312043328
"QPCT"	1.24111659633333	10.4782322785	7.33384383728865	3.53414413746824e-05	0.00587315106670906	2.77760976011526
"GPR37"	1.35878478233333	7.22363271883333	7.33084878525925	3.54586501476482e-05	0.00587315106670906	2.77434655994453
"GPR133"	1.01714054933333	7.15061556633333	7.25089887861879	3.87495012949299e-05	0.00603568391030961	2.68681033008147
"LAPTM5"	-1.21153183283333	8.05090494708333	-7.22158828747654	4.00381737159093e-05	0.00615488788103389	2.6545106440509
"GMPR"	1.00219225033333	6.39295041716667	7.11296718238698	4.52370417873491e-05	0.00668079709244368	2.53383101029312
"MX1"	1.50973618	12.0423780633333	7.10229224666634	4.57863696325663e-05	0.00668079709244368	2.52188707188524
"C19orf66"	1.265936609	9.9567820255	7.05549433301621	4.82818088565748e-05	0.00693207616473103	2.46934749608423
"CMPK2"	1.21726806333333	12.0036208383333	6.97028643395692	5.3214343776651e-05	0.00736236097427548	2.37293467214729
"RNF182"	1.213490165	6.53684356916667	6.94237798710115	5.49471345866589e-05	0.0075137011946408	2.34114417404978
"MAP1B"	-1.15426991333333	7.40897781266667	-6.89025359044135	5.83502291263513e-05	0.00784227079458162	2.28148722175106
"ECEL1"	1.20280229	11.290281105	6.87306154784216	5.95224339307703e-05	0.00795436162529385	2.26172984901897
"CTB-167B5.2"	1.770725721	7.0279413525	6.86128334860904	6.03402870742585e-05	0.00801809916376588	2.24817091795009
"TBL1X"	-1.04605242083333	7.96746924875	-6.83019481514824	6.25583291829608e-05	0.00807756347992519	2.21229118917914
"SOX7"	-1.0923948365	7.97852748991667	-6.82866597306049	6.26696707191584e-05	0.00807756347992519	2.21052332090847
"MX2"	1.522134061	10.4350590661667	6.79017696475708	6.5544975433347e-05	0.0082836061345869	2.16591116958018
"TLR3"	1.237606251	8.11036697783333	6.76914858674997	6.71762590699572e-05	0.00838708958347371	2.14145142318432
"NRG4"	-1.17842247233333	5.98778137883333	-6.67567100619324	7.49817308754873e-05	0.00884270106826826	2.03198054777019
"IL24"	-1.54270559333333	7.36945224033333	-6.63189746166843	7.89712677421024e-05	0.00892982796776081	1.98029997248332
"SPP1"	-1.0607580845	6.90382998308333	-6.61224806091243	8.08366420720112e-05	0.00909702306953925	1.95701405660746
"C4BPA"	1.004051557	8.0189358395	6.53381277542271	8.87741568098471e-05	0.00980266745618593	1.86352200409759
"FAM129A"	-1.091465299	6.80998826366667	-6.40507892796849	0.000103698010280546	0.0106972684289406	1.70818627214955
"CFI"	1.58814818616666	7.74862485091667	6.39807336784225	0.000104584839356202	0.0107416393958859	1.69966519288547
"SPARC"	1.052226747	10.0415957851667	6.33685644529743	0.000112693949936876	0.0113758012983491	1.6249051061765
"SERPINB2"	-1.294461536	5.70546927633333	-6.321260144174	0.000114867284766491	0.0115456347765294	1.6057720928852
"DCBLD2"	-1.33116817433333	8.7638282625	-6.29694779468364	0.00011834641581044	0.0117447582272639	1.57587640019076
"UBN2"	-1.15746292166667	7.46162171383333	-6.21960407082512	0.000130196460687612	0.0127063101882682	1.48020029727163
"SERPINE1"	-1.13438221766667	8.10855163616667	-6.19186357869938	0.000134755148407578	0.0129895126661731	1.44567231518922
"GIMAP2"	1.38046279766667	5.15619263816667	6.15499436015389	0.000141083786819182	0.0133802042983354	1.39960778031753
"IFNL2"	1.10283906833334	7.96708427883333	6.12897090070664	0.00014574439265977	0.0135917967800857	1.36697395276961
"OAS2"	1.03500200033333	9.59197999316667	5.96834779536334	0.000178470850713399	0.0157805804841321	1.16333780993113
"NR4A3"	1.04071008766667	6.95294026783333	5.93714894132662	0.000185706737125778	0.0163588856074843	1.1233400927253
"RSPO3"	-1.25992762633333	8.9848695515	-5.90742682036379	0.000192896183475135	0.0166187481147809	1.08510045128856
"CXCL8"	-1.08788262416667	9.57619171291667	-5.87183741425909	0.000201903457148138	0.0170992299101308	1.03913826204493
"AP1S1"	-1.30787105866667	10.3423097206667	-5.8710483541551	0.00020210824468607	0.0170992299101308	1.03811707445491
"PTX3"	-1.25293999466667	7.436320405	-5.85448875068816	0.000206458262601408	0.0172807769978118	1.0166643824271
"GJB2"	-1.0192037	5.095536013	-5.81264237397153	0.00021790863263318	0.0179204686782189	0.962269549199421
"SP110"	1.07277605666667	10.1017375483333	5.7785693948156	0.000227739386450832	0.0183448511027934	0.917784477239031
"NCKAP5"	1.164280096	6.83497369666667	5.76383692947643	0.000232137544814792	0.0185080510306573	0.898495831886321
"UBE2L6"	1.00757586633333	10.8412957901667	5.75125255484336	0.000235967153711261	0.0187498224840839	0.881993653176623
"LGSN"	1.04840492633333	7.65240493283333	5.72941150349487	0.000242776751281181	0.0192259568691359	0.853296181760453
"PRR15"	-1.07373303333334	8.55971147233333	-5.56293091801618	0.000302218950298429	0.0219388571327748	0.632176739959254
"IGFBP1"	-1.30768513333333	5.56005249583333	-5.54711105078504	0.000308636059576937	0.0221507691801477	0.610945482115739
"C1S"	1.27262220333333	10.9487708583333	5.5306304137234	0.000315477850027409	0.0222918171958982	0.58878683763122
"PSG4"	1.110803261	7.0616526725	5.50195144824625	0.000327776856848127	0.0223458309364288	0.550128396717244
"RTP4"	1.39184630466667	7.842308396	5.49164717719922	0.000332321310366421	0.0225466562041995	0.536207857986608
"EGLN3"	-1.02833204316667	8.13738382458333	-5.40779132156371	0.000371931475446336	0.0244352745879827	0.422319344614252
"STAT1"	1.05124481833334	11.8165099041667	5.27240799102873	0.000447020954077712	0.0270281049869095	0.236176524176577
"CYP39A1"	-1.03073165333333	5.446008833	-5.20713884745974	0.000488917173588968	0.028534322389113	0.145432220627689
"VCAN"	-1.19052196966667	8.62422421283333	-5.20128407960306	0.000492876675715197	0.0286023537803033	0.137260367954245
"TNFSF13B"	1.02092408066667	7.28126159283333	5.07478731504583	0.000587412911539403	0.0316154500672924	-0.0405808132198198
"IRF7"	1.14757823566667	9.9513099355	5.03762788978504	0.000618755501319564	0.0327773184482796	-0.0932881420596265
"S100A8"	-1.54583802783334	9.98440902858333	-4.90293922785617	0.000748293230871915	0.0372417897319464	-0.286095560337563
"NCF2"	-1.124586348	8.33978178133333	-4.77608425035128	0.000897149768245949	0.0411324806026213	-0.470202138393599
"BRINP3"	1.076033747	8.5225767245	4.76720419209742	0.000908695744142372	0.0414196199655593	-0.483180572240515
"PADI4"	-1.00127136066667	6.284758729	-4.70325716922188	0.000996683039331235	0.0438988484739151	-0.576988834824967
"TFRC"	-1.055186471	8.81582723583333	-4.69349278352274	0.00101090105053478	0.0441940384917808	-0.59136650360583
"NDRG1"	-1.36752205033333	11.1470716915	-4.60572987245733	0.0011488629650882	0.0479947184823872	-0.721227310472752
